3 3 3 3 3 3 3 3 3 3 3 3 3 3 3 3 3 3 3 3 3
3 0 0 0 0 0 0 0 0 0 0 0 0 0 0 0 0 0 0 0 3
3 0 0 0 0 0 0 0 0 0 0 0 0 0 0 0 0 0 0 0 3
3 0 0 0 0 0 0 0 0 0 0 0 0 0 0 0 0 0 0 0 3
3 0 0 0 0 0 0 0 0 0 0 0 0 0 0 0 0 0 0 0 3
3 0 0 0 0 0 0 0 0 0 0 0 0 0 0 0 0 0 0 0 3
3 0 0 0 0 0 0 0 0 0 0 0 0 0 0 0 0 0 0 0 3
3 0 0 0 0 0 0 0 X X X X X X 0 0 0 0 0 0 3
3 0 0 0 0 0 0 0 0 X X X X 0 0 0 0 0 0 0 3
3 0 0 0 0 0 0 X 0 0 0 0 X X 0 0 0 0 0 0 3
3 0 0 0 0 0 0 0 0 0 0 X X 0 X 0 0 0 0 0 3
3 0 0 0 0 0 0 0 X X X 0 X X 0 X 0 0 0 0 3
3 0 0 0 0 0 0 0 0 0 X X 0 X X 0 0 0 0 0 3
3 0 0 0 0 0 0 0 0 0 0 X X 0 X X 0 0 0 0 3
3 0 0 0 0 0 0 0 0 0 X 0 X X X 0 0 0 0 0 3
3 0 0 0 0 0 0 0 0 0 0 X 0 X 0 X 0 0 0 0 3
3 0 0 0 0 0 0 0 0 0 0 0 0 0 0 0 0 0 0 0 3
3 0 0 0 0 0 0 0 0 0 0 0 0 0 0 0 0 0 0 0 3
3 0 0 0 0 0 0 0 0 0 0 0 0 0 0 0 0 0 0 0 3
3 0 0 0 0 0 0 0 0 0 0 0 0 0 0 0 0 0 0 0 3
3 3 3 3 3 3 3 3 3 3 3 3 3 3 3 3 3 3 3 3 3
(8, 7): (10, 9)
(8, 9): (8, 9)
(8, 11): (10, 9) (8, 12)
(9, 8): (10, 9) (9, 9)
(9, 10): (10, 9) (9, 9)
(10, 7): (10, 9)
(10, 8): (10, 9) (9, 9)
(10, 11): (10, 9)
(11, 8): (10, 9)
(12, 7): (10, 9)
(12, 11): (10, 9)
(7, 7): (9, 9)
(7, 9): (9, 9)
(7, 11): (9, 9) (7, 13) (8, 12)
(8, 8): (9, 9)
(8, 10): (9, 9) (8, 12)
(9, 7): (9, 9)
(11, 7): (9, 9)
(11, 11): (9, 9)
(5, 11): (7, 13)
(5, 13): (7, 13)
(5, 15): (7, 13)
(6, 12): (7, 13) (8, 12)
(6, 13): (7, 13)
(6, 14): (6, 14)
(7, 12): (7, 13) (8, 12)
(7, 14): (7, 13)
(7, 15): (7, 13)
(8, 13): (7, 13) (8, 12)
(8, 14): (7, 13) (8, 12)
(9, 13): (7, 13) (8, 12)
(9, 15): (7, 13)
(6, 10): (8, 12)
(9, 12): (8, 12)
(10, 12): (8, 12)
(10, 14): (8, 12)
(13, 9): (13, 9)

